
0.000000
-0.008631
-0.017267
-0.025913
-0.034571
-0.043248
-0.051948
-0.060676
-0.069435
-0.078232
-0.087071
-0.095956
-0.104894
-0.113889
-0.122946
-0.132071
-0.141269
-0.150546
-0.159909
-0.169362
-0.178912
-0.188567
-0.198332
-0.208214
-0.218222
-0.228362
-0.238642
-0.249070
-0.259656
-0.270408
-0.281335
-0.292448
-0.303757
-0.315273
-0.327008
-0.338974
-0.351183
-0.363650
-0.376389
-0.389415
-0.402745
-0.416396
-0.430386
-0.444736
-0.459467
-0.474600
-0.490161
-0.506175
-0.522670
-0.539677
-0.557227
-0.575355
-0.594100
-0.613502
-0.633605
-0.654459
-0.676115
-0.698631
-0.722070
-0.746501
-0.772000
-0.798650
-0.826542
-0.855780
-0.886476
-0.918757
-0.952762
-0.988650
-1.026597
-1.066804
-1.109496
-1.154930
-1.203401
-1.255245
-1.310849
-1.370664
-1.435212
-1.505108
-1.581077
-1.663980
-1.754848
-1.854929
-1.965742
-2.089162
-2.227525
-2.383783
-2.561720
-2.766264
-3.003961
-3.283693
-3.617827
-4.024107
-4.528929
-5.173357
-6.024947
-7.203220
-8.941527
-11.764907
-17.153018
-31.517722
-189.509889
47.471617
21.138371
13.613048
10.047304
7.966407
6.602335
5.638846
4.921870
4.367371
3.925613
3.565280
3.265672
3.012557
2.795829
2.608114
2.443903
2.298999
2.170149
2.054793
1.950885
1.856775
1.771115
1.692793
1.620885
1.554615
1.493328
1.436466
1.383552
1.334175
1.287978
1.244652
1.203927
1.165563
1.129353
1.095110
1.062670
1.031885
1.002624
0.974769
0.948214
0.922864
0.898632
0.875440
0.853215
0.831895
0.811418
0.791731
0.772784
0.754532
0.736932
0.719946
0.703539
0.687676
0.672329
0.657467
0.643066
0.629100
0.615546
0.602384
0.589594
0.577157
0.565056
0.553274
0.541796
0.530608
0.519697
0.509050
0.498654
0.488499
0.478575
0.468870
0.459376
0.450084
0.440985
0.432071
0.423335
0.414770
0.406368
0.398122
0.390028
0.382079
0.374269
0.366593
0.359046
0.351622
0.344319
0.337130
0.330051
0.323080
0.316211
0.309440
0.302766
0.296183
0.289689
0.283281
0.276956
0.270712
0.264547
0.258463
0.252520
0.246370
0.240528
0.234712
0.228952
0.223250
0.217604
0.212012
0.206474
0.200987
0.195549
0.190159
0.184815
0.179516
0.174259
0.169043
0.163867
0.158728
0.153626
0.148560
0.143527
0.138526
0.133556
0.128616
0.123705
0.118820
0.113962
0.109128
0.104318
0.099530
0.094763
0.090017
0.085290
0.080580
0.075888
0.071211
0.066550
0.061902
0.057267
0.052644
0.048031
0.043429
0.038835
0.034250
0.029671
0.025099
0.020531
0.015968
0.011408
0.006850
0.002294
-0.002262
-0.006818
-0.011376
-0.015936
-0.020499
-0.025067
-0.029639
-0.034218
-0.038804
-0.043397
-0.048000
-0.052612
-0.057235
-0.061870
-0.066518
-0.071180
-0.075856
-0.080549
-0.085258
-0.089985
-0.094732
-0.099498
-0.104286
-0.109096
-0.113930
-0.118789
-0.123673
-0.128585
-0.133525
-0.138495
-0.143495
-0.148529
-0.153595
-0.158697
-0.163836
-0.169012
-0.174228
-0.179485
-0.184785
-0.190128
-0.195518
-0.200956
-0.206443
-0.211982
-0.217573
-0.223219
-0.228922
-0.234682
-0.240498
-0.246340
-0.252490
-0.258433
-0.264517
-0.270682
-0.276927
-0.283252
-0.289660
-0.296154
-0.302737
-0.309411
-0.316181
-0.323051
-0.330022
-0.337101
-0.344290
-0.351594
-0.359017
-0.366564
-0.374241
-0.382051
-0.390000
-0.398095
-0.406340
-0.414742
-0.423308
-0.432044
-0.440958
-0.450057
-0.459350
-0.468844
-0.478548
-0.488473
-0.498628
-0.509024
-0.519672
-0.530583
-0.541771
-0.553249
-0.565031
-0.577133
-0.589570
-0.602361
-0.615523
-0.629077
-0.643043
-0.657445
-0.672307
-0.687655
-0.703517
-0.719925
-0.736912
-0.754512
-0.772764
-0.791712
-0.811399
-0.831876
-0.853198
-0.875423
-0.898616
-0.922848
-0.948199
-0.974754
-1.002610
-1.031872
-1.062658
-1.095099
-1.129343
-1.165554
-1.203918
-1.244645
-1.287972
-1.334170
-1.383549
-1.436464
-1.493328
-1.554617
-1.620888
-1.692798
-1.771122
-1.856785
-1.950897
-2.054808
-2.170169
-2.299022
-2.443930
-2.608146
-2.795867
-3.012601
-3.265724
-3.565341
-3.925685
-4.367457
-4.921973
-5.638972
-6.602493
-7.966611
-10.047581
-13.613458
-21.139090
-47.473748
189.502113
31.518298
17.153443
11.765237
8.941798
7.203452
6.025152
5.173541
4.529097
4.024262
3.617972
3.283829
3.004090
2.766387
2.561838
2.383896
2.227634
2.089267
1.965844
1.855028
1.754945
1.664074
1.581170
1.505199
1.435300
1.370750
1.310934
1.255329
1.203484
1.155012
1.109576
1.066883
1.026675
0.988727
0.952838
0.918832
0.886551
0.855854
0.826616
0.798722
0.772072
0.746572
0.722141
0.698701
0.676184
0.654528
0.633674
0.613570
0.594168
0.575422
0.557294
0.539743
0.522737
0.506241
0.490227
0.474666
0.459532
0.444801
0.430451
0.416460
0.402809
0.389479
0.376452
0.363713
0.351246
0.339037
0.327071
0.315336
0.303820
0.292511
0.281397
0.270470
0.259718
0.249132
0.238703
0.228423
0.218283
0.208276
0.198393
0.188628
0.178974
0.169423
0.159969
0.150607
0.141330
0.132131
0.123006
0.113949
0.104954
0.096017
0.087131
0.078292
0.069496
0.060736
0.052008
0.043309
0.034632
0.025973
0.017328
0.008692