
1.000000
1.008706
1.017566
1.026584
1.035765
1.045115
1.054640
1.064344
1.074234
1.084315
1.094596
1.105081
1.115778
1.126695
1.137840
1.149219
1.160843
1.172719
1.184857
1.197267
1.209959
1.222943
1.236232
1.249836
1.263769
1.278043
1.292673
1.307673
1.323058
1.338845
1.355052
1.371695
1.388796
1.406373
1.424449
1.443047
1.462191
1.481908
1.502224
1.523170
1.544777
1.567078
1.590109
1.613909
1.638519
1.663982
1.690347
1.717664
1.745987
1.775376
1.805895
1.837613
1.870603
1.904948
1.940735
1.978061
2.017028
2.057752
2.100358
2.144983
2.191776
2.240906
2.292554
2.346924
2.404242
2.464759
2.528755
2.596546
2.668485
2.744970
2.826454
2.913450
3.006545
3.106410
3.213822
3.329679
3.455029
3.591097
3.739334
3.901461
4.079541
4.276067
4.494079
4.737325
5.010478
5.319442
5.671780
6.077353
6.549249
7.105235
7.770042
8.579156
9.585372
10.870817
12.570601
14.923765
18.397011
24.040416
34.813293
63.539349
379.520030
-94.445754
-41.782601
-26.735238
-19.607011
-15.448462
-12.723553
-10.799794
-9.369052
-8.263252
-7.382923
-6.665433
-6.069383
-5.566310
-5.136001
-4.763708
-4.438414
-4.151727
-3.897140
-3.669530
-3.464810
-3.279679
-3.111440
-2.957872
-2.817124
-2.687645
-2.568127
-2.457452
-2.354667
-2.258951
-2.169590
-2.085967
-2.007540
-1.933833
-1.864428
-1.798953
-1.737080
-1.678514
-1.622993
-1.570282
-1.520169
-1.472462
-1.426988
-1.383592
-1.342131
-1.302475
-1.264506
-1.228116
-1.193205
-1.159683
-1.127465
-1.096476
-1.066643
-1.037900
-1.010188
-0.983449
-0.957631
-0.932685
-0.908566
-0.885232
-0.862644
-0.840764
-0.819557
-0.798993
-0.779040
-0.759670
-0.740857
-0.722575
-0.704801
-0.687512
-0.670688
-0.654309
-0.638357
-0.622813
-0.607661
-0.592885
-0.578471
-0.564403
-0.550669
-0.537256
-0.524151
-0.511344
-0.498823
-0.486578
-0.474599
-0.462876
-0.451400
-0.440163
-0.429157
-0.418373
-0.407805
-0.397445
-0.387286
-0.377321
-0.367546
-0.357954
-0.348539
-0.339298
-0.330229
-0.321339
-0.312767
-0.303696
-0.295340
-0.287039
-0.278860
-0.270811
-0.262889
-0.255092
-0.247416
-0.239859
-0.232418
-0.225089
-0.217869
-0.210756
-0.203746
-0.196837
-0.190026
-0.183311
-0.176688
-0.170156
-0.163712
-0.157354
-0.151080
-0.144887
-0.138774
-0.132739
-0.126779
-0.120893
-0.115079
-0.109335
-0.103660
-0.098051
-0.092508
-0.087028
-0.081611
-0.076254
-0.070956
-0.065716
-0.060533
-0.055405
-0.050331
-0.045309
-0.040339
-0.035420
-0.030549
-0.025727
-0.020951
-0.016222
-0.011537
-0.006897
-0.002299
0.002257
0.006772
0.011246
0.015681
0.020078
0.024438
0.028760
0.033047
0.037298
0.041515
0.045699
0.049849
0.053967
0.058054
0.062110
0.066135
0.070131
0.074098
0.078037
0.081948
0.085833
0.089690
0.093522
0.097328
0.101109
0.104867
0.108600
0.112310
0.115997
0.119663
0.123306
0.126928
0.130529
0.134110
0.137671
0.141213
0.144735
0.148239
0.151725
0.155193
0.158644
0.162078
0.165495
0.168896
0.172282
0.175652
0.179008
0.182349
0.185679
0.189008
0.192236
0.195550
0.198827
0.202088
0.205336
0.208571
0.211795
0.215007
0.218208
0.221398
0.224578
0.227748
0.230907
0.234058
0.237199
0.240330
0.243454
0.246569
0.249675
0.252774
0.255866
0.258950
0.262027
0.265097
0.268161
0.271218
0.274270
0.277316
0.280356
0.283391
0.286421
0.289447
0.292468
0.295484
0.298497
0.301506
0.304512
0.307514
0.310513
0.313510
0.316504
0.319495
0.322485
0.325473
0.328459
0.331444
0.334428
0.337411
0.340393
0.343375
0.346357
0.349339
0.352321
0.355304
0.358287
0.361272
0.364258
0.367245
0.370234
0.373225
0.376218
0.379213
0.382211
0.385213
0.388217
0.391224
0.394236
0.397251
0.400270
0.403294
0.406322
0.409355
0.412393
0.415437
0.418486
0.421542
0.424603
0.427671
0.430745
0.433826
0.436915
0.440011
0.443115
0.446226
0.449346
0.452475
0.455613
0.458760
0.461916
0.465082
0.468258
0.471445
0.474643
0.477851
0.481072
0.484305
0.487551
0.490813
0.494096
0.497433
0.500206
0.503859
0.507210
0.510556
0.513911
0.517278
0.520659
0.524056
0.527468
0.530896
0.534340
0.537802
0.541281
0.544778
0.548293
0.551828
0.555381
0.558954
0.562547
0.566161
0.569796
0.573453
0.577131
0.580832
0.584556
0.588304
0.592076
0.595872
0.599693
0.603540
0.607414
0.611314
0.615242
0.619198
0.623182
0.627196
0.631239
0.635313
0.639419
0.643556
0.647726
0.651930
0.656168
0.660440
0.664748
0.669093
0.673474
0.677894
0.682353
0.686851
0.691391
0.695971
0.700595
0.705262
0.709973
0.714730
0.719533
0.724385
0.729284
0.734234
0.739235
0.744288
0.749394
0.754555
0.759772
0.765046
0.770379
0.775772
0.781227
0.786745
0.792327
0.797975
0.803692
0.809478
0.815335
0.821265
0.827270
0.833352
0.839512
0.845754
0.852078
0.858487
0.864984
0.871570
0.878248
0.885021
0.891891
0.898861
0.905933
0.913110
0.920396
0.927793
0.935305
0.942934
0.950684
0.958560
0.966563
0.974699
0.982971
0.991383