
0.868615
0.795938
0.709059
0.610494
0.501725
0.383740
0.259431
0.131128
0.000000
-0.131128
-0.259431
-0.383740
-0.501725
-0.610494
-0.709059
-0.795938
-0.868615
-0.926431
-0.968977
-0.994498
-1.002761
-0.994498
-0.968977
-0.926431
-0.868615
-0.795938
-0.709059
-0.610494
-0.501725
-0.383740
-0.259431
-0.131128
-0.000000
0.131128
0.259431
0.383740
0.501725
0.610494
0.709059
0.795938
0.868615
0.926431
0.968977
0.994498
1.002761
0.994498
0.968977
0.926431
0.868615
0.795938
0.709059
0.610494
0.501725
0.383740
0.259431
0.131128
0.000000
-0.131128
-0.259431
-0.383740
-0.501725
-0.610494
-0.709059
-0.795938
-0.868615
-0.926431
-0.968977
-0.994498
-1.002761
-0.994498
-0.968977
-0.926431
-0.868615
-0.795938
-0.709059
-0.610494
-0.501725
-0.383740
-0.259431
-0.131128
-0.000000
0.131128
0.259431
0.383740
0.501725
0.610494
0.709059
0.795938
0.868615
0.926431
0.968977
0.994498
1.002761
0.994498
0.968977
0.926431
0.868615
0.795938
0.709059
0.610494
0.501725
0.383740
0.259431
0.131128
0.000000
-0.131128
-0.259431
-0.383740
-0.501725
-0.610494
-0.709059
-0.795938
-0.868615
-0.926431
-0.968977
-0.994498
-1.002761
-0.994498
-0.968977
-0.926431
-0.868615
-0.795938
-0.709059
-0.610494
-0.501725
-0.383740
-0.259431
-0.131128
-0.000000
0.131128
0.259431
0.383740
0.501725
0.610494
0.709059
0.795938
0.868615
0.926431
0.968977
0.994498
1.002761
0.994498
0.968977
0.926431
0.868615
0.795938
0.709059
0.610494
0.501725
0.383740
0.259431
0.131128
0.000000
-0.131128
-0.259431
-0.383740
-0.501725
-0.610494
-0.709059
-0.795938
-0.868615
-0.926431
-0.968977
-0.994498
-1.002761
-0.994498
-0.968977
-0.926431
-0.868615
-0.795938
-0.709059
-0.610494
-0.501725
-0.383740
-0.259431
-0.131128
-0.000000
0.131128
0.259431
0.383740
0.501725
0.610494
0.709059
0.795938
0.868615
0.926431
0.968977
0.994498
1.002761
0.994498
0.968977
0.926431
0.868615
0.795938
0.709059
0.610494
0.501725
0.383740
0.259431
0.131128
0.000000
-0.131128
-0.259431
-0.383740
-0.501725
-0.610494
-0.709059
-0.795938
-0.868615
-0.926431
-0.968977
-0.994498
-1.002761
-0.994498
-0.968977
-0.926431
-0.868615
-0.795938
-0.709059
-0.610494
-0.501725
-0.383740
-0.259431
-0.131128
-0.000000
0.131128
0.259431
0.383740
0.501725
0.610494
0.709059
0.795938
0.868615
0.926431
0.968977
0.994498
1.002761
0.994498
0.968977
0.926431
0.868615
0.795938
0.709059
0.610494
0.501725
0.383740
0.259431
0.131128
0.000000
-0.131128
-0.259431
-0.383740
-0.501725
-0.610494
-0.709059
-0.795938
-0.868615
-0.926431
-0.968977
-0.994498
-1.002761
-0.994498
-0.967243
-1.731879
-2.999199
-6.955909
-14.659838
-29.181541
-62.030428
-131.293313
-271.813017
-569.183484
-1196.146663
-2499.213860
-5228.152936
-10955.391835
-22929.253469
-47983.725690
-100465.437605
-210312.923522
-440214.171454
-921535.344007
-1929113.497113
-4038179.339170
-8453216.933196
-17695445.958695
-37042170.285216
-77541134.227555
-162318962.921056
-339785985.715601